name: query-3.cypher
queryGraph: 
nodes: 
x0, true, false
x2, false, false
x3, false, false
x4, false, false
x1, false, true
edges: 
x0, x2, -3
x2, x3, 1
x3, x4, -1
x4, x1, 3
transducerGraph: 
databaseGraph: 
nodes: 
68
100
42
10
101
54
73
79
102
15
67
97
103
63
72
104
32
66
2
105
47
49
99
88
106
107
80
108
56
48
109
12
85
110
24
75
111
26
112
113
114
71
8
115
77
116
117
118
59
119
64
0
120
87
121
34
58
98
96
122
36
14
50
123
40
124
84
125
25
69
126
78
37
127
44
128
7
28
30
13
129
22
46
130
27
131
38
65
132
20
133
55
134
17
135
1
136
31
4
19
137
92
5
138
53
90
6
139
76
52
140
141
9
70
61
142
39
143
51
144
57
33
145
93
146
94
45
147
86
148
95
29
149
21
3
150
151
62
41
152
82
153
154
155
89
156
11
157
18
83
35
158
159
196
190
186
191
195
182
183
194
192
187
197
184
189
180
181
185
199
188
198
193
160
161
162
163
164
165
166
167
168
169
170
171
172
173
174
175
176
177
178
179
215
282
268
255
291
295
212
298
225
277
200
285
297
222
235
230
edges: 
68, 100, 0
42, 100, 0
10, 101, 0
54, 101, 0
73, 101, 0
79, 102, 0
15, 102, 0
67, 102, 0
97, 103, 0
63, 103, 0
72, 104, 0
32, 104, 0
66, 104, 0
2, 104, 0
54, 105, 0
47, 105, 0
49, 105, 0
99, 105, 0
88, 106, 0
73, 107, 0
80, 108, 0
56, 108, 0
48, 109, 0
73, 109, 0
12, 109, 0
85, 110, 0
24, 110, 0
75, 111, 0
63, 111, 0
48, 111, 0
26, 112, 0
63, 112, 0
12, 113, 0
54, 113, 0
73, 114, 0
71, 114, 0
54, 114, 0
63, 114, 0
8, 115, 0
77, 116, 0
54, 117, 0
56, 117, 0
63, 118, 0
56, 118, 0
59, 118, 0
56, 119, 0
64, 119, 0
0, 120, 0
87, 121, 0
34, 121, 0
58, 121, 0
98, 121, 0
96, 122, 0
36, 122, 0
14, 122, 0
50, 123, 0
40, 123, 0
63, 124, 0
84, 124, 0
73, 125, 0
25, 125, 0
69, 126, 0
78, 126, 0
37, 127, 0
44, 127, 0
54, 128, 0
7, 128, 0
28, 128, 0
30, 128, 0
13, 129, 0
22, 129, 0
46, 130, 0
54, 130, 0
27, 131, 0
56, 131, 0
38, 131, 0
68, 131, 0
65, 132, 0
59, 132, 0
73, 132, 0
20, 132, 0
73, 133, 0
55, 134, 0
17, 134, 0
73, 134, 0
36, 134, 0
73, 135, 0
73, 135, 0
63, 135, 0
1, 136, 0
31, 136, 0
63, 136, 0
4, 136, 0
19, 137, 0
92, 137, 0
5, 137, 0
73, 138, 0
53, 138, 0
90, 138, 0
80, 138, 0
6, 139, 0
76, 139, 0
52, 140, 0
84, 140, 0
78, 140, 0
63, 141, 0
54, 141, 0
9, 141, 0
56, 141, 0
70, 141, 0
61, 142, 0
39, 143, 0
51, 143, 0
73, 144, 0
57, 144, 0
54, 144, 0
33, 145, 0
73, 145, 0
52, 145, 0
73, 145, 0
93, 146, 0
94, 146, 0
54, 146, 0
45, 147, 0
86, 148, 0
73, 148, 0
95, 148, 0
29, 148, 0
6, 149, 0
21, 149, 0
3, 150, 0
73, 150, 0
54, 150, 0
95, 151, 0
62, 151, 0
41, 152, 0
52, 152, 0
82, 152, 0
63, 153, 0
19, 153, 0
73, 154, 0
73, 154, 0
28, 155, 0
89, 155, 0
37, 156, 0
11, 156, 0
63, 157, 0
56, 157, 0
18, 157, 0
83, 157, 0
35, 158, 0
28, 158, 0
73, 159, 0
100, 196, 1
101, 190, 1
102, 186, 1
103, 191, 1
104, 195, 1
105, 182, 1
106, 183, 1
107, 194, 1
108, 183, 1
109, 192, 1
110, 187, 1
111, 190, 1
112, 194, 1
113, 197, 1
114, 184, 1
115, 195, 1
116, 196, 1
117, 196, 1
118, 189, 1
119, 183, 1
120, 187, 1
121, 192, 1
122, 180, 1
123, 181, 1
124, 181, 1
125, 194, 1
126, 187, 1
127, 190, 1
128, 185, 1
129, 199, 1
130, 196, 1
131, 188, 1
132, 198, 1
133, 198, 1
134, 181, 1
135, 181, 1
136, 185, 1
137, 194, 1
138, 192, 1
139, 188, 1
140, 191, 1
141, 192, 1
142, 196, 1
143, 193, 1
144, 187, 1
145, 199, 1
146, 186, 1
147, 191, 1
148, 180, 1
149, 196, 1
150, 180, 1
151, 181, 1
152, 184, 1
153, 199, 1
154, 187, 1
155, 182, 1
156, 190, 1
157, 199, 1
158, 189, 1
159, 181, 1
120, 160, 3
109, 160, 3
153, 160, 3
146, 161, 3
106, 162, 3
136, 163, 3
127, 164, 3
150, 165, 3
110, 166, 3
114, 166, 3
103, 166, 3
102, 166, 3
113, 166, 3
137, 167, 3
133, 168, 3
112, 168, 3
104, 169, 3
149, 170, 3
157, 171, 3
140, 172, 3
139, 173, 3
143, 174, 3
151, 175, 3
118, 176, 3
131, 177, 3
134, 178, 3
155, 179, 3
180, 215, 2
181, 282, 2
182, 268, 2
183, 255, 2
184, 291, 2
185, 295, 2
186, 212, 2
187, 268, 2
188, 298, 2
189, 225, 2
190, 277, 2
191, 200, 2
192, 285, 2
193, 297, 2
194, 222, 2
195, 268, 2
196, 235, 2
197, 230, 2
198, 212, 2
199, 212, 2
