name: query-1.cypher
queryGraph: 
nodes: 
x0, true, false
x1, false, true
edges: 
x0, x0, -1
x0, x1, 2
transducerGraph: 
t0, true, true
edges: 
t0, t0, 0, 1, 9
t0, t0, 0, 2, 7
t0, t0, 0, 3, 9
t0, t0, 1, 0, 9
t0, t0, 1, 2, 7
t0, t0, 1, 3, 9
t0, t0, 2, 0, 7
t0, t0, 2, 1, 7
t0, t0, 2, 3, 8
t0, t0, 3, 0, 9
t0, t0, 3, 1, 9
t0, t0, 3, 2, 8
t0, t0, -0, -1, 9
t0, t0, -0, -2, 7
t0, t0, -0, -3, 9
t0, t0, -1, -0, 9
t0, t0, -1, -2, 7
t0, t0, -1, -3, 9
t0, t0, -2, -0, 7
t0, t0, -2, -1, 7
t0, t0, -2, -3, 8
t0, t0, -3, -0, 9
t0, t0, -3, -1, 9
t0, t0, -3, -2, 8
databaseGraph: 
nodes: 
0
11
1
13
14
15
2
3
10
4
5
6
12
7
8
9
18
16
17
26
19
32
edges: 
0, 11, 0
1, 13, 0
1, 14, 0
1, 15, 0
1, 15, 0
1, 15, 0
2, 15, 0
3, 10, 0
4, 11, 0
5, 13, 0
5, 10, 0
6, 12, 0
7, 13, 0
8, 10, 0
9, 10, 0
10, 18, 1
11, 18, 1
12, 18, 1
13, 18, 1
14, 18, 1
15, 18, 1
12, 16, 3
14, 17, 3
18, 26, 2
19, 32, 2
